6894844401075314231
5682242079126059734
8485217188118604642
6152767986265531343
529587624130787700
2078139242912760627
1436712571057495417
9194981952016140966
14680170424139228489
6416833643309762701
13967365426303366922
3517826462870985272
16552144056741830947
9634463769728615179
450743640701021350
5483122742836943712
13082883797373528046
5463531046914255887
12018378771506711190
6320680060044418794
16760846647835613779
6866888207952148932
15498570687626294470
17604098751894100838
15382593605423829608
7178027275174639099
13887595658529452316
4563010936155087545
17869621032901826747
15333394331601997278
12331950445491251460
6438276727392154637
5536883989660128245
9169813212486309206
2233505657534207792
16935762184228725607
4099690236203266649
10289196927062154798
3980868951921708135
16172525350385642055
5491055056490562765
12132533022481126582
16804846215369286879
10976411164196224545
3089881396288895477
6366883296303126945
15036450165495998731
18412564173278622195
4115223549719620159
15682346662682616998
17289169152210480185
15882044553100285006
11436268491912334726
17357410478151911961
9374021677842800714
15868766992835189282
15809139022270886792
17583910636134498333
8074388194862577617
